剪力合力	69.35 	71.09 	73.29 	75.95 	79.03 	82.53 	86.41 	90.65 	95.21 	100.07 	105.19 	110.54 	116.07 	121.77 	127.61 	133.57 	139.63 	145.77 	151.95 	158.16 	164.21 
																					
																					
FEM墙土摩擦角	6.73 	6.95 	7.21 	7.53 	7.88 	8.29 	8.74 	9.22 	9.75 	10.31 	10.91 	11.53 	12.18 	12.85 	13.54 	14.26 	14.99 	15.73 	16.49 	17.25 	18.00 
																					
																					
																					
墙土摩擦角理论计算值																					
挡墙平均位移值	0.00 	0.0019 	0.0038 	0.0058 	0.0079 	0.0101 	0.0123 	0.0147 	0.0171 	0.0196 	0.0222 	0.0249 	0.0276 	0.0304 	0.0332 	0.0360 	0.0389 	0.0418 	0.0448 	0.0478 	0.0509 
																					
δ0																					
6.75	6.75	7.63 	8.55 	9.49 	10.44 	11.39 	12.33 	13.26 	14.17 	15.05 	15.88 	16.67 	17.41 	18.09 	18.73 	19.31 	19.85 	20.34 	20.80 	21.23 	21.63 
	6.75	7.41 	8.10 	8.81 	9.54 	10.28 	11.03 	11.78 	12.54 	13.28 	14.02 	14.72 	15.41 	16.06 	16.67 	17.26 	17.81 	18.33 	18.82 	19.28 	19.72 
	6.75	7.28 	7.83 	8.41 	8.99 	9.60 	10.21 	10.84 	11.47 	12.11 	12.74 	13.37 	13.98 	14.57 	15.15 	15.70 	16.23 	16.73 	17.22 	17.69 	18.13 
																					
chang理论方法1997																					
																					
	6.75	7.17 	7.60 	8.06 	8.53 	9.01 	9.52 	10.05 	10.60 	11.16 	11.75 	12.35 	12.96 	13.58 	14.22 	14.86 	15.50 	16.16 	16.83 	17.51 	18.20 
																					
																					
																					
																					
实测墙土摩擦角																					
位移值	0	0.018	0.032	0.054																	
	36.5	40	41.5	43																	
																					
																					
																					
																					
FEM土体内摩擦角																					
φ																					
	20.90 	21.05 	21.19 	21.33 	21.48 	21.62 	21.76 	21.90 	22.04 	22.17 	22.31 	22.45 	22.59 	22.73 	22.86 	23.00 	23.14 	23.28 	23.43 	23.57 	23.71 
																					
																					
																					
																					
																					
土体内摩擦角理论计算值																					
φ0	0.00E+00	1.85E-03	3.79E-03	5.80E-03	7.89E-03	1.01E-02	1.23E-02	1.47E-02	1.71E-02	1.96E-02	2.22E-02	2.49E-02	2.76E-02	3.04E-02	3.32E-02	3.60E-02	3.89E-02	4.18E-02	4.48E-02	4.78E-02	5.09E-02
22.30 																					
19.48 																					
19.48 	22.30 	22.44 	22.58 	22.73 	22.89 	23.05 	23.21 	23.39 	23.56 	23.74 	23.92 	24.11 	24.29 	24.47 	24.65 	24.83 	25.01 	25.18 	25.36 	25.53 	25.69 
	19.48 	19.68 	19.88 	20.10 	20.32 	20.55 	20.78 	21.03 	21.28 	21.54 	21.80 	22.06 	22.33 	22.60 	22.86 	23.13 	23.39 	23.65 	23.90 	24.16 	24.41 
	19.48 	19.66 	19.84 	20.04 	20.23 	20.44 	20.65 	20.87 	21.10 	21.34 	21.57 	21.82 	22.06 	22.30 	22.55 	22.79 	23.03 	23.27 	23.51 	23.75 	23.99 
																					
XU2013																					
																					
	19.48 	20.01 	20.50 	20.97 	21.40 	21.82 	22.20 	22.57 	22.91 	23.24 	23.54 	23.82 	24.09 	24.34 	24.57 	24.78 	24.99 	25.17 	25.35 	25.52 	25.68 
